9999991399999999999999999999999999999999999999999999999999999999
9999991399999999999999139999999999999999999999999999999999999999
9999991399999999999913131313999999999999999999999999999999999999
9999991399999999991399139913991399999999999999999999999999999999
9999999999991399991399139999999999999913999999999999999999999999
9999991399999999139999139999991399999999999999999999999999999999
1399991399139999999913999913991399999999999999999999999999999913
9999999999999999139913999913999913999999999999999999999913999999
9999999999139999139913999913999999991399999999999999999999999999
9999991399999999139913999999139999999999999999999999999999999999
9999991399999913131399999999999999999999991399139999999999999999
9999999913131313139913139999139999999999999999999999999999999999
9999999999131313139913999999999999999999999999999999999999999999
9999999999991313131313991399999999139999999999999999999999999999
9999999913131313139913999999999999999999999999999999999999139999
9999999913131313131313999999999999999999999999999999999999999999
9999139999999999139999999999999999999913139999999999999999999999
9999139999139999999999999999999999999913999999999999999999999999
9999991399999999999999999999999913999999999999999999999999999999
9999999999999913999999999999999999991313991399999999999913999999
9999999999139999999999999999999999999999999913999999999913999999
9999999999999999999999999999999999999999999913999999999913999999
9999999999999913999999999913999999991399139913999999139999999999
9999999999999999999999139999999999999999999999999999999999999999
9999999999999999999999999999999913999999991399999999999913999999
1399999999999913999999999999999913999913999999999999999999999999
9999999999139999999999999913999999999999999999139999999999999999
9999999999999999999913999913991399999999999999999999999999999999
9999999999999913999999999999999999999999999999999999999999991399
9999991313999999999999999999999999999999999999999999999999999999
9999999999999999999999999999999999999999999999999999999999999999
9999999999999999999999999999999999999999999999999999999999999999
NAME
a
HP

AT







