1010101010101010101010101010101022222222222222222222222222222222
1099999999999999999999999999991022999999999999999999999999999922
1099999999999999999999999999991022999999999999999999999999999922
1099999999999999999999999999991022999999999999999999999999999922
1099999999999999999999999999991022999999999999999999999999999922
1099999999999999999999999999991022999999999999999999999999999922
1099999999999999999999999999991022999999999999999999999999999922
1099999999999999999999999999991022999999999999999999999999999922
1099999999999999999999999999991022999999999999999999999999999922
1099999999999999999999999999991022999999999999999999999999999922
1099999999999999999999999999991022999999999999999999999999999922
1099999999999999999999999999991022999999999999999999999999999922
1099999999999999999999999999991022999999999999999999999999999922
1099999999999999999999999999991022999999999999999999999999999922
1099999999999999999999999999991022999999999999999999999999999922
1010101010101010101010101010101022222222222222222222222222222222
1515151515151515151515151515151524242424242424242424242424242424
1599999999999999999999999999991524999999999999999999999999999924
1599999999999999999999999999991524999999999999999999999999999924
1599999999999999999999999999991524999999999999999999999999999924
1599999999999999999999999999991524999999999999999999999999999924
1599999999999999999999999999991524999999999999999999999999999924
1599999999999999999999999999991524999999999999999999999999999924
1599999999999999999999999999991524999999999999999999999999999924
1599999999999999999999999999991524999999999999999999999999999924
1599999999999999999999999999991524999999999999999999999999999924
1599999999999999999999999999991524999999999999999999999999999924
1599999999999999999999999999991524999999999999999999999999999924
1599999999999999999999999999991524999999999999999999999999999924
1599999999999999999999999999991524999999999999999999999999999924
1599999999999999999999999999991524999999999999999999999999999924
1515151515151515151515151515151524242424242424242424242424242424
NAME
しゅーと
HP
1
AT
1






