9999999999999999999999999999999999999999999999999999999999999999
9999999999999999999999999999999999999999999999999999999999999999
9999999999999999999999999999999999999999999999999999999999999999
9999999999999999999999999999999999999999999999999999999999999999
9999999999999999999999999999999999999999999999999999999999999999
9999999999999999999999999999999999999999999999999999999999999999
9999999999202020202020999999999999999999992020202020209999999999
9999999920151515151515209999999999999999201515151515152099999999
9999992015151515151515152099999999999920151515151515151520999999
9999201515152015152015151520999999992015152015201515151515209999
9999201515152015152015151520999999992015152015201515151515209999
9999201515151515151515151520999999992015151515151515151515209999
9999992015151515151515152099999999999920151515151515151520999999
9999999920202020202020209999999999999999202020202020202099999999
9999999999999999999999999999999999999999999999999999999999999999
9999999999999999999999999999999999999999999999999999999999999999
9999999999999999999999999999999999999999999999999999999999999999
9999999999999999999999999999999999999999999999999999999999999999
9999999999999999999999999999999999999999999999999999999999999999
9999999999999999999999999999999999999999999999999999999999999999
9999999999999999999999999999999999999999999999999999999999999999
9999999999999999999999999999999999999999999999999999999999999999
9999999999202020202020999999999999999999992020202020209999999999
9999999920151515151515209999999999999999201515151515152099999999
9999992015151515151515152099999999999920151515151515151520999999
9999201515151515201520151520999999992015151515151515151515209999
9999201515151515201520151520999999992015151515151515151515209999
9999201515151515151515151520999999992015151515151515151515209999
9999992015151515151515152099999999999920151515151515151520999999
9999999920202020202020209999999999999999202020202020202099999999
9999999999999999999999999999999999999999999999999999999999999999
9999999999999999999999999999999999999999999999999999999999999999
NAME
すらいむx
HP
100
AT
10






