9999999999999999999999999999999999999999999999999999999999999999
9999999999999999999999999999999999999999999999999999999999999999
9999999999999999999999999999999999999999999999999999999999999999
2020999999139913139913999999202099999999991399131399139999992020
2016209999131313131313999920162099999999991313131313139999201620
2016202099131324241313992020162099999999991324241313139920201620
2016201620202020202020201620162099999999992020202020202016201620
9999201620151515151515201620999999999999201515151515202016209999
9999992015151515151515152099999999999920151515151515151520999999
9999201515152015152015151520999999992015152015201515151515209999
9999201515152015152015151520999999992015152015201515151515209999
9999201515151515151515151520999999992015151515151515151515209999
9999992015151515151515152099999999999920151515151515151520999999
9999999920202020202020209999999999999999202020202020202099999999
9999999999999999999999999999999999999999999999999999999999999999
9999999999999999999999999999999999999999999999999999999999999999
9999999999999999999999999999999999999999999999999999999999999999
9999999999999999999999999999999999999999999999999999999999999999
9999999999999999999999999999999999999999999999999999999999999999
2020999999139913139913999999999920209999991399131399139999992020
2016209999131313131313999999999920162099991313131313139999201620
2016202099131313242413999999999920162020991313131313139920201620
2016201620202020202020999999999920162016202020202020202016201620
9999201620151515151515209999999999992016202015151515202016209999
9999992015151515151515152099999999999916201620151520162016999999
9999201515151515201520151520999999992015151620151520161515209999
9999201515151515201520151520999999992015151515151515151515209999
9999201515151515151515151520999999992015151515151515151515209999
9999992015151515151515152099999999999920151515151515151520999999
9999999920202020202020209999999999999999202020202020202099999999
9999999999999999999999999999999999999999999999999999999999999999
9999999999999999999999999999999999999999999999999999999999999999
NAME
デビルキング
HP
5000
AT
5000






