9999999999999999999999999999999999999999999999999999999999999999
9999999999999999999999999999999999999999999999999999999999999999
9999999999999999999999999999999999999999999999999999999999999999
9999999999999999999999999999999999999999999999999999999999999999
9999999999999999999999999999999999999999999999999999999999999999
9999999999999999999999999999999999999999999999999999999999999999
9999999999202020202020999999999999999999992020202020209999999999
9999999920222222151515209999999999999999202222151515152099999999
9999992022222222151515152099999999999920222222151515151520999999
9999202222222022152015151520999999992022222022201515151515209999
9999202222222022152015151520999999992022222022201515151515209999
9999202222222222151515151520999999992022222222151515151515209999
9999992022222222151515152099999999999920222222151515151520999999
9999999920202020202020209999999999999999202020202020202099999999
9999999999999999999999999999999999999999999999999999999999999999
9999999999999999999999999999999999999999999999999999999999999999
9999999999999999999999999999999999999999999999999999999999999999
9999999999999999999999999999999999999999999999999999999999999999
9999999999999999999999999999999999999999999999999999999999999999
9999999999999999999999999999999999999999999999999999999999999999
9999999999999999999999999999999999999999999999999999999999999999
9999999999999999999999999999999999999999999999999999999999999999
9999999999202020202020999999999999999999992020202020209999999999
9999999920222222221515209999999999999999201515152222222099999999
9999992022222222221515152099999999999920151515152222222220999999
9999202222222222201520151520999999992015151515152222222222209999
9999202222222222201520151520999999992015151515152222222222209999
9999202222222222221515151520999999992015151515152222222222209999
9999992022222222221515152099999999999920151515152222222220999999
9999999920202020202020209999999999999999202020202020202099999999
9999999999999999999999999999999999999999999999999999999999999999
9999999999999999999999999999999999999999999999999999999999999999
NAME
ハーフスライム
HP
15
AT
15






