5,5,5,5,5,5,5,5,5,5,5,5,5,5,5,5,5,5,5,5,5,5,5,5,5,5,5,5,5,5,5,5,5,5,5,5,5,5,5,5,5,5,5,5,5,5,5,5,5,5,5,5,5,5,5,5,5,5,5,5,5,5,5,5,5,5,5,5,5,5,5,5,5,5,5,5,5,5,5,5,5,5,5,5,5,5,5,5,5,5,5,5,5,5,5,5
5,5,5,5,5,5,5,5,5,5,0,0,0,5,5,5,5,5,5,5,5,5,5,5,5,5,5,5,5,5,5,5,5,5,5,5,0,0,5,5,5,5,5,5,5,5,5,5,5,5,5,5,5,5,0,0,0,0,0,0,5,5,5,5,5,5,5,5,5,5,5,5,5,5,5,5,5,5,5,5,5,5,0,5,5,5,5,0,5,5,5,5,5,5,5,5
5,5,5,5,5,5,5,5,5,0,0,0,0,0,5,5,5,5,5,0,5,5,5,5,5,5,5,5,5,5,5,5,5,5,5,0,0,0,5,5,5,5,5,5,5,5,5,5,5,5,5,5,5,5,0,0,0,102,0,5,5,5,5,5,5,5,5,5,5,5,5,5,5,5,5,5,5,5,5,5,5,0,0,5,5,5,5,0,0,5,5,5,5,5,5,5
5,5,5,0,5,5,5,5,5,0,0,0,0,0,5,5,5,5,0,0,0,5,5,5,5,5,5,5,5,5,5,5,5,5,5,0,0,0,0,5,5,5,5,5,5,5,5,5,5,5,5,5,5,5,5,0,0,0,0,5,5,5,5,5,5,5,5,0,5,5,5,5,5,5,5,5,5,5,5,5,0,0,0,0,5,5,5,5,0,0,0,5,5,5,5,5
5,5,0,0,0,0,5,5,0,0,0,0,0,0,0,5,5,0,0,0,0,0,5,5,5,5,5,0,5,5,5,5,5,5,0,0,0,0,0,5,5,5,5,5,5,5,5,5,5,5,5,5,5,5,5,5,0,0,0,5,5,5,5,5,5,5,5,0,0,5,5,5,5,5,0,0,5,5,5,5,0,0,0,0,0,5,5,0,0,0,0,5,5,5,5,5
5,5,0,0,0,0,5,5,0,0,0,0,0,0,0,5,5,0,0,0,0,0,5,5,5,5,0,0,5,5,5,5,5,0,0,0,0,0,0,0,0,5,5,5,5,0,0,5,5,5,5,5,5,5,5,5,5,0,0,0,5,5,5,5,5,5,5,0,0,0,5,5,5,0,0,0,5,5,5,0,0,0,0,0,0,5,5,0,0,0,0,5,5,0,5,5
5,5,0,0,0,0,0,5,0,0,0,0,0,0,0,5,0,0,0,0,0,0,0,5,5,5,0,0,0,5,5,5,0,0,0,0,0,0,0,0,0,5,5,5,0,0,0,5,5,5,5,0,5,0,0,0,5,0,0,0,0,5,5,5,5,5,0,0,0,0,5,5,5,0,0,0,5,5,5,0,0,0,0,0,0,0,5,0,0,0,0,0,5,0,5,5
5,5,0,0,0,0,0,0,0,0,0,0,0,0,0,0,0,0,0,0,0,0,0,5,5,5,0,0,0,5,5,5,0,0,0,0,0,0,0,0,0,0,5,5,5,0,0,0,5,5,5,0,0,0,0,0,5,0,0,0,0,5,5,5,5,0,0,0,0,0,0,5,0,0,0,0,0,5,5,0,0,0,0,0,0,0,0,0,0,0,0,0,5,0,5,5
5,5,0,0,0,0,0,0,0,0,0,0,0,0,0,0,0,0,0,0,0,0,0,5,5,0,0,0,0,0,5,5,0,0,0,0,0,0,0,0,0,0,5,5,5,5,0,0,5,5,5,0,0,0,0,0,0,0,0,0,0,5,5,5,5,0,0,0,0,0,0,5,0,0,0,0,0,5,5,0,0,0,0,0,0,0,0,0,0,0,0,0,0,0,5,5
5,5,0,0,0,0,0,0,0,0,0,0,0,0,0,0,0,0,0,0,0,0,0,5,0,0,0,0,0,0,0,5,0,0,0,0,0,0,0,0,0,0,0,5,5,0,0,0,5,5,5,5,0,0,0,0,0,0,0,0,0,5,5,5,0,0,0,0,0,0,0,5,0,0,0,0,0,5,5,0,0,0,0,0,0,0,0,0,0,0,0,0,0,0,5,5
5,5,5,0,0,0,0,0,0,0,0,0,0,0,0,0,0,0,0,0,0,0,0,0,0,0,0,0,0,0,0,0,0,0,0,0,0,0,0,0,0,0,0,0,5,0,0,0,0,5,5,5,5,5,0,0,0,0,0,0,0,5,5,5,0,0,0,0,0,0,0,0,0,0,0,0,0,5,0,0,0,0,0,0,0,0,0,0,0,0,0,0,0,0,5,5
5,5,5,0,0,0,0,0,0,0,0,0,0,0,0,0,0,0,0,0,0,0,0,0,0,0,0,0,0,0,0,0,0,0,0,0,0,0,0,0,0,0,0,0,0,0,0,0,0,0,0,5,5,5,5,0,0,0,0,0,5,5,5,0,0,0,0,0,0,0,0,0,0,0,0,0,0,5,0,0,0,0,0,0,0,0,0,0,0,0,0,0,0,0,5,5
5,5,5,0,0,0,0,0,0,0,0,0,0,0,0,0,0,0,0,0,0,0,0,0,0,0,0,0,0,0,0,0,0,0,0,0,0,0,0,0,0,0,0,0,0,0,0,0,0,0,0,0,0,0,0,0,0,0,0,0,0,0,0,0,0,0,0,0,0,0,0,0,0,0,0,0,0,0,0,0,0,0,0,0,0,0,0,0,0,0,0,0,0,0,5,5
5,5,5,0,0,0,0,0,0,0,0,0,0,0,0,0,0,0,0,0,0,0,0,0,0,0,0,0,0,0,0,0,0,0,0,0,0,0,0,0,0,0,0,0,0,0,0,0,0,0,0,0,0,0,0,0,0,0,0,0,0,0,0,0,0,0,0,0,0,0,0,0,0,0,0,0,0,0,0,0,0,0,0,0,0,0,0,0,0,0,0,0,0,0,4,5
5,5,5,0,0,0,0,0,0,0,0,0,0,0,0,0,0,0,0,0,0,0,0,0,0,0,0,0,0,0,0,0,0,0,0,0,0,0,0,0,0,0,0,0,0,0,0,0,0,0,0,0,0,0,0,0,0,0,0,0,0,0,0,0,0,0,0,0,0,0,0,0,0,0,0,0,0,0,0,0,0,0,0,0,0,0,0,0,0,0,0,0,0,0,0,5
5,5,5,0,0,0,0,0,0,0,0,0,0,0,0,0,0,0,0,0,0,0,0,0,0,0,0,0,0,0,0,0,0,0,0,0,0,0,0,0,0,0,0,0,0,0,0,0,0,0,0,0,0,0,0,0,0,0,0,0,0,0,0,0,0,0,0,0,0,0,0,0,0,0,0,0,0,0,0,0,0,0,0,0,0,0,0,0,0,0,0,0,0,5,5,5
5,5,5,0,0,0,0,0,0,0,0,0,0,0,0,0,0,0,0,0,0,0,0,0,0,0,0,0,0,0,0,0,0,0,0,0,0,0,0,0,0,0,0,0,0,0,0,0,0,0,0,0,0,0,0,0,0,0,0,0,0,0,0,0,0,0,0,0,0,0,0,0,0,0,0,0,0,0,0,0,0,0,0,0,0,0,0,0,0,0,0,5,5,5,5,5
5,5,0,0,0,0,0,0,0,0,0,0,0,0,0,0,0,0,0,0,0,0,0,0,0,0,0,0,0,0,0,0,0,0,0,0,0,0,0,0,0,0,0,0,0,0,0,0,0,0,0,0,0,0,0,0,0,0,0,0,0,0,0,0,0,0,0,0,0,0,0,0,0,0,0,0,0,0,0,0,0,0,0,0,0,0,0,0,0,0,5,5,5,5,5,5
5,5,0,0,0,0,0,0,0,0,0,0,0,0,0,0,0,0,0,0,0,0,0,0,0,0,0,0,0,0,0,0,0,0,0,0,0,0,0,0,0,0,0,0,0,0,0,0,0,0,0,0,0,0,0,0,0,0,0,0,0,0,0,0,0,0,0,0,0,0,0,0,0,0,0,0,0,0,0,0,0,0,0,0,0,0,0,0,0,5,5,5,5,5,5,5
5,5,5,5,0,0,0,0,0,0,0,0,0,0,0,0,0,0,0,0,0,0,0,0,0,0,0,0,0,0,0,0,0,0,0,0,0,0,0,0,0,0,0,0,0,0,0,0,0,0,0,0,0,0,0,0,0,0,0,0,0,0,0,0,0,0,0,0,0,0,0,0,0,0,0,0,0,0,0,0,0,0,0,0,0,0,0,0,5,5,5,5,5,5,5,5
103,5,0,0,0,0,0,0,0,0,0,0,0,0,0,0,0,0,0,0,0,0,0,0,0,0,0,0,0,0,0,0,0,0,0,0,0,0,0,0,0,0,0,0,0,0,0,0,0,0,0,0,0,0,0,0,0,0,0,0,0,0,0,0,0,0,0,0,0,0,0,0,0,0,0,0,0,0,0,0,0,0,0,0,0,0,0,0,5,5,5,5,5,5,5,5
5,5,5,0,0,0,0,0,0,0,0,0,0,0,0,0,0,0,0,0,0,0,0,0,0,0,0,0,0,0,0,0,0,0,150,150,150,150,0,0,0,0,0,0,0,0,0,0,0,0,0,0,0,0,0,0,0,0,0,0,0,0,0,0,0,0,0,0,0,0,0,0,0,0,0,0,0,0,0,0,0,0,0,0,0,0,5,5,5,5,5,5,5,5,5,5
5,5,5,0,0,0,0,0,0,0,0,0,0,0,0,0,0,0,0,0,0,0,0,0,0,0,0,0,0,0,0,0,0,0,0,0,0,0,0,0,0,0,0,0,0,0,0,0,0,0,0,0,0,0,0,0,0,0,0,0,0,0,0,0,0,0,0,0,0,0,0,0,0,0,0,0,0,0,0,0,0,0,5,0,0,5,5,5,5,5,5,5,5,5,103,103
5,104,104,104,104,104,104,104,104,104,104,104,104,104,104,104,104,104,104,104,104,104,104,104,104,104,104,104,104,104,104,104,104,104,104,104,104,104,104,104,104,104,104,104,104,104,104,104,104,104,104,104,104,104,104,104,104,104,104,104,104,104,104,104,104,104,104,104,104,104,104,104,104,104,104,104,104,104,104,104,104,104,104,104,104,5,5,5,5,5,5,5,103,103,0,5
5,103,103,103,103,103,103,103,103,103,103,103,103,103,103,103,103,103,103,103,103,103,103,103,103,103,103,103,103,103,103,103,103,103,103,103,103,103,103,103,103,103,103,103,103,103,103,103,103,103,103,103,103,103,103,103,103,103,103,103,103,103,103,103,103,103,103,103,103,103,103,103,103,103,103,103,103,103,103,103,103,103,103,103,103,103,5,103,5,103,103,103,0,0,5,5
5,5,0,5,5,5,5,0,0,0,0,0,0,0,0,0,0,0,0,0,0,0,0,0,0,0,0,0,0,0,0,0,0,0,0,0,0,0,0,0,0,0,0,0,0,0,0,0,0,0,0,0,0,0,0,0,0,0,0,0,0,0,0,0,0,0,0,0,0,0,0,0,0,0,0,0,0,0,0,0,0,0,0,0,0,0,103,0,103,0,0,0,0,5,5,5
5,5,5,5,5,5,5,5,5,5,5,5,5,5,5,0,0,0,0,0,0,0,0,0,0,0,0,0,0,0,0,0,0,0,0,0,0,0,0,0,0,0,0,0,0,0,0,0,0,0,0,0,0,0,0,0,0,0,0,0,0,0,0,0,0,0,0,0,0,0,0,0,0,0,0,0,0,0,5,0,0,5,0,0,0,0,0,0,0,0,0,5,5,5,5,5
5,5,5,5,5,5,5,5,5,5,5,5,5,5,5,5,0,0,0,5,5,5,5,5,5,5,0,0,0,0,0,0,0,0,0,0,0,0,0,0,0,0,0,0,0,0,0,0,0,0,0,0,0,0,0,0,0,0,0,0,0,0,0,0,0,0,0,0,0,0,0,0,0,0,0,0,0,0,0,0,0,0,0,0,0,0,0,5,5,5,5,5,5,5,5,5
5,5,5,5,5,5,5,5,5,5,5,5,5,5,5,5,5,5,5,5,5,5,5,5,5,5,5,5,5,5,0,0,0,0,0,0,0,0,0,0,0,0,0,0,0,0,0,0,0,0,0,0,0,0,0,0,0,0,0,0,0,0,0,0,0,0,0,0,0,0,0,0,0,0,0,0,0,0,0,5,5,5,5,5,5,0,0,0,5,5,5,5,5,5,5,5
5,5,5,5,5,5,5,5,5,0,0,0,0,5,5,5,5,5,5,5,5,5,5,5,5,5,5,5,5,5,5,0,0,0,0,0,0,0,0,0,0,0,0,0,0,0,0,0,0,0,0,0,0,0,0,0,0,0,0,0,0,0,0,0,0,0,0,0,0,0,0,0,0,0,0,0,0,0,5,5,5,5,5,5,5,5,5,0,5,5,5,5,5,5,5,5
5,5,5,5,5,5,0,0,0,0,0,0,0,0,0,5,5,5,5,5,5,5,5,5,5,5,5,5,5,5,5,5,0,0,0,0,0,0,0,0,0,0,0,0,0,0,0,0,0,0,0,0,0,0,0,0,0,0,0,0,0,0,0,0,0,0,0,0,0,0,0,0,0,0,0,0,0,5,5,5,5,5,5,5,5,5,5,5,5,5,5,5,5,5,5,5
5,5,5,5,0,0,0,0,0,0,0,0,0,0,0,0,0,0,5,5,5,5,0,0,5,5,5,5,5,5,5,5,5,0,0,0,0,0,0,0,0,0,0,0,0,0,0,0,0,0,0,0,5,5,5,5,5,5,5,0,0,0,0,0,0,0,0,0,0,0,0,0,0,0,0,0,5,5,5,5,5,5,5,5,5,5,5,5,5,5,0,5,5,5,5,5
5,5,5,5,0,0,0,5,5,0,0,0,0,0,0,0,0,5,5,5,0,0,0,0,0,0,5,5,5,5,5,5,5,5,0,0,0,0,0,0,0,0,0,0,0,0,0,0,0,0,5,5,5,5,5,5,5,5,5,5,5,0,0,0,0,0,0,0,0,0,0,0,0,5,5,5,5,5,5,5,5,5,5,5,5,5,5,5,5,0,0,0,5,5,5,5
5,5,5,5,0,0,0,5,0,0,0,0,0,0,0,0,0,5,5,0,0,0,0,0,0,0,5,5,5,5,5,5,5,5,0,0,0,0,0,0,0,0,0,0,0,0,0,0,0,5,5,5,0,0,0,0,0,5,5,5,5,5,0,0,0,0,0,0,0,0,0,0,5,5,5,5,5,5,5,5,5,5,5,5,5,5,5,0,0,0,0,0,5,5,5,5
5,5,5,0,0,0,0,0,0,0,0,5,5,0,0,0,5,5,0,0,0,0,0,0,0,0,0,5,5,5,5,5,5,5,0,0,0,0,0,0,0,0,0,0,0,0,0,0,0,5,5,0,0,0,0,0,0,0,5,5,5,5,5,0,0,0,0,0,0,0,0,5,5,5,5,5,5,5,5,5,5,5,5,5,5,5,5,0,0,0,5,5,5,5,5,5
5,5,5,0,0,0,0,0,0,0,5,5,5,0,0,0,0,0,0,0,0,0,0,0,0,0,0,5,5,5,5,5,5,5,0,0,0,0,0,0,0,0,0,0,0,0,0,0,0,5,0,0,0,0,0,0,0,0,5,5,5,5,5,0,0,0,0,0,0,0,0,0,0,5,5,5,5,5,5,0,0,0,5,5,5,5,5,0,0,0,5,5,5,5,5,5
5,5,0,0,0,0,0,0,0,5,5,5,5,0,0,0,0,0,0,0,0,0,0,0,0,5,5,5,5,5,5,5,5,0,0,0,0,0,0,0,0,0,0,0,0,5,0,0,0,0,0,0,0,0,0,0,0,0,5,5,5,5,5,0,0,0,0,0,0,0,0,0,0,0,5,5,5,5,0,0,0,0,0,5,5,5,5,5,0,0,5,5,5,5,5,5
5,5,0,5,0,0,0,0,0,5,5,5,0,0,0,0,0,0,0,0,0,0,0,0,0,5,5,5,5,5,5,0,0,0,0,0,0,5,0,0,0,0,0,0,0,5,5,0,0,0,0,0,0,0,0,0,0,5,5,5,5,5,5,0,0,0,0,0,0,0,0,0,0,0,5,5,5,5,5,0,0,0,0,0,0,5,5,5,0,0,0,5,5,5,5,5
5,0,0,0,5,0,0,0,5,5,5,5,0,0,0,0,0,0,0,5,0,0,0,0,0,5,5,5,5,5,5,0,0,0,0,0,5,5,0,0,0,0,0,0,0,5,5,0,0,0,0,0,0,0,0,0,5,5,0,5,5,5,0,0,0,0,0,0,0,0,0,0,0,5,5,5,5,5,5,0,0,0,0,0,0,0,5,5,0,0,5,5,5,5,5,5
5,0,0,0,0,0,0,5,5,5,5,0,0,0,0,0,0,5,5,5,5,0,0,0,0,5,5,5,5,5,0,0,0,0,0,5,5,5,5,0,0,0,0,0,0,5,5,5,0,0,0,0,0,0,0,5,5,0,0,5,5,5,0,0,0,0,0,0,0,0,0,0,0,5,5,5,5,5,5,5,0,0,0,0,5,5,5,5,0,0,5,5,5,5,5,5
5,0,0,5,0,0,0,5,5,5,5,0,0,0,0,0,5,5,5,5,5,5,0,0,0,5,5,5,5,5,0,0,0,5,5,5,5,5,0,0,0,0,0,0,0,5,5,5,5,0,0,0,0,0,0,5,0,0,0,5,5,5,0,0,0,0,0,0,0,0,0,5,5,5,5,5,5,5,5,5,0,0,5,5,5,5,5,5,0,0,5,5,5,5,5,5
5,0,0,0,0,0,0,5,5,5,5,0,0,0,0,5,5,5,0,-1,5,5,0,0,0,5,5,5,5,5,5,0,0,0,0,5,5,5,0,0,0,0,0,0,5,5,5,5,5,5,0,0,0,0,0,0,0,0,0,5,5,5,0,0,0,0,0,0,0,0,5,5,5,5,5,5,5,5,5,5,5,0,0,0,5,5,5,0,0,0,5,5,5,5,5,5
5,0,0,0,0,0,0,5,5,5,5,0,0,0,5,5,5,5,0,0,5,5,5,0,0,5,5,5,5,5,5,0,0,0,0,0,5,5,0,0,0,0,0,5,5,5,5,0,0,5,5,0,0,0,0,0,0,0,0,5,5,5,0,-2,-2,-2,0,0,0,5,5,5,5,5,5,5,5,5,5,5,5,0,0,0,0,5,0,0,0,5,5,5,5,5,5,5
5,0,0,0,0,0,0,0,5,5,5,0,0,0,0,0,5,5,5,5,5,0,0,0,0,0,0,5,5,5,5,0,0,0,0,0,0,0,0,0,0,0,0,5,5,5,0,0,0,0,0,0,0,0,0,0,0,0,5,5,5,0,0,0,0,0,0,5,5,5,5,5,5,5,5,5,0,0,0,0,0,0,0,0,0,0,0,0,0,5,5,5,5,5,5,5
5,5,5,0,0,0,0,0,5,5,5,0,0,0,0,0,0,0,5,5,0,0,0,0,0,0,0,0,5,5,0,0,0,0,0,0,0,0,0,5,0,0,5,5,5,0,0,0,0,0,0,0,0,0,0,0,0,0,5,5,5,0,0,0,0,0,5,5,5,5,5,0,5,5,5,5,0,0,0,0,0,0,0,0,0,0,0,0,0,0,5,5,5,5,5,5
5,5,5,5,5,5,0,0,0,5,5,0,0,0,0,0,0,0,0,150,150,150,150,150,0,0,0,0,0,5,0,0,5,0,0,0,0,0,5,5,0,0,5,5,5,0,0,5,0,0,0,0,0,0,0,0,0,5,5,5,5,0,0,0,0,0,0,5,5,5,0,0,0,5,5,0,0,0,0,0,0,0,0,0,0,0,0,0,0,0,5,5,5,5,5,5
5,5,5,5,5,5,0,0,0,5,5,5,0,0,0,0,0,0,0,0,0,0,0,0,0,5,0,0,0,0,0,0,5,0,0,-2,0,5,5,0,0,5,5,5,5,0,0,0,0,0,0,5,0,0,0,0,5,5,5,5,5,0,0,0,0,0,0,0,5,0,0,0,0,0,0,0,0,0,0,0,0,0,0,5,5,5,5,5,0,0,0,5,5,5,5,5
5,5,5,5,5,5,0,0,0,5,5,5,0,0,0,5,-2,0,0,0,0,0,0,0,5,5,0,0,0,0,0,5,5,0,0,0,0,0,0,0,5,5,5,5,0,0,0,0,0,0,5,5,5,0,0,5,5,5,5,5,5,0,0,0,0,0,0,0,0,0,0,0,0,0,0,0,0,0,0,0,0,0,5,5,5,5,5,5,0,0,0,0,5,5,5,5
5,5,5,5,0,0,0,0,0,5,5,5,5,0,0,0,0,0,5,0,0,0,0,5,5,0,0,0,0,0,0,5,5,5,0,0,0,0,0,5,5,5,5,0,0,0,0,0,0,0,0,0,0,0,0,5,5,5,5,0,0,0,0,0,0,0,0,0,0,0,0,0,0,0,5,5,5,5,5,0,0,5,5,5,5,5,5,5,0,0,0,0,5,5,5,5
5,5,5,0,0,0,0,0,0,5,5,5,5,5,0,0,0,5,5,0,0,0,5,5,5,0,0,0,0,0,5,5,5,5,0,0,0,0,5,5,5,5,0,0,0,0,5,5,5,0,0,0,0,5,0,0,0,0,0,0,5,5,0,0,0,0,0,0,0,0,0,0,0,5,5,5,5,5,5,0,0,0,0,5,5,5,5,5,5,5,0,0,5,5,5,5
5,5,0,0,0,0,0,0,5,5,5,5,5,5,0,0,0,0,0,0,0,5,5,5,5,0,0,0,0,5,5,5,5,5,5,0,0,0,5,5,5,0,0,0,0,0,0,5,0,0,0,1,5,5,0,0,0,0,5,5,5,5,0,0,0,0,0,0,0,0,0,0,5,5,5,5,5,5,0,0,0,0,5,5,5,5,5,5,5,5,5,0,0,0,5,5
5,3,0,0,0,0,0,0,5,5,5,5,5,5,5,0,0,0,0,0,5,5,5,5,5,5,5,0,0,5,5,5,5,5,5,0,0,5,5,5,5,5,0,5,0,0,0,0,0,0,5,5,5,5,5,5,5,5,5,5,5,5,5,0,0,0,0,0,0,0,0,0,5,5,5,5,5,5,5,5,5,5,5,5,5,5,5,5,5,5,5,0,0,0,0,5
5,0,0,0,0,0,0,5,5,5,5,5,5,5,5,0,0,0,0,0,5,5,5,5,5,5,5,5,0,0,0,0,0,0,0,0,0,5,5,5,5,5,5,5,5,0,0,0,0,5,5,5,5,5,5,5,5,5,5,5,5,5,5,0,0,0,0,5,5,5,5,5,5,5,5,5,5,5,5,5,5,5,5,5,5,5,5,5,5,5,5,0,0,0,0,5
5,5,5,5,5,5,5,5,5,5,5,5,5,5,5,5,5,5,5,5,5,5,5,5,5,5,5,5,5,5,5,5,5,5,5,5,5,5,5,5,5,5,5,5,5,5,5,5,5,5,5,5,5,5,5,5,5,5,5,5,5,5,5,5,5,5,5,5,5,5,5,5,5,5,5,5,5,5,5,5,5,5,5,5,5,5,5,5,5,5,5,5,5,5,5,5
5,5,5,5,5,5,5,5,5,5,5,5,5,5,5,5,5,5,5,5,5,5,5,5,5,5,5,5,5,5,5,5,5,5,5,5,5,5,5,5,5,5,5,5,5,5,5,5,5,5,5,5,5,5,5,5,5,5,5,5,5,5,5,5,5,5,5,5,5,5,5,5,5,5,5,5,5,5,5,5,5,5,5,5,5,5,5,5,5,5,5,5,5,5,5,5
5,5,5,5,5,5,5,5,5,5,0,0,0,5,5,5,5,5,5,5,5,5,5,5,5,5,5,5,5,5,5,5,5,5,5,5,0,0,5,5,5,5,5,5,5,5,5,5,5,5,5,5,5,5,0,0,0,0,0,0,5,5,5,5,5,5,5,5,5,5,5,5,5,5,5,5,5,5,5,5,5,5,0,5,5,5,5,0,5,5,5,5,5,5,5,5
5,5,5,5,5,5,5,5,5,0,0,0,0,0,5,5,5,5,5,0,5,5,5,5,5,5,5,5,5,5,5,5,5,5,5,0,0,0,5,5,5,5,5,5,5,5,5,5,5,5,5,5,5,5,0,0,0,0,0,5,5,5,5,5,5,5,5,5,5,5,5,5,5,5,5,5,5,5,5,5,5,0,0,5,5,5,5,0,0,5,5,5,5,5,5,5
5,5,5,0,5,5,5,5,5,0,0,0,0,0,5,5,5,5,0,0,0,5,5,5,5,5,5,5,5,5,5,5,5,5,5,0,0,0,0,5,5,5,5,5,5,5,5,5,5,5,5,5,5,5,5,0,0,0,0,5,5,5,5,5,5,5,5,0,5,5,5,5,5,5,5,5,5,5,5,5,0,0,0,0,5,5,5,5,0,0,0,5,5,5,5,5
5,5,0,0,0,0,5,5,0,0,0,0,0,0,0,5,5,0,0,0,0,0,5,5,5,5,5,0,5,5,5,5,5,5,0,0,0,0,0,5,5,5,5,5,5,5,5,5,5,5,5,5,5,5,5,5,0,0,0,5,5,5,5,5,5,5,5,0,0,5,5,5,5,5,0,0,5,5,5,5,0,0,0,0,0,5,5,0,0,0,0,5,5,5,5,5
5,5,0,0,0,0,5,5,0,0,0,0,0,0,0,5,5,0,0,0,0,0,5,5,5,5,0,0,5,5,5,5,5,0,0,0,0,0,0,0,0,5,5,5,5,0,0,5,5,5,5,5,5,5,5,5,5,0,0,0,5,5,5,5,5,5,5,0,0,0,5,5,5,0,0,0,5,5,5,0,0,0,0,0,0,5,5,0,0,0,0,5,5,0,5,5
5,5,0,0,0,0,0,5,0,0,0,0,0,0,0,5,0,0,0,0,0,0,0,5,5,5,0,0,0,5,5,5,0,0,0,0,0,0,0,0,0,5,5,5,0,0,0,5,5,5,5,0,5,0,0,0,5,0,0,0,0,5,5,5,5,5,0,0,0,0,5,5,5,0,0,0,5,5,5,0,0,0,0,0,0,0,5,0,0,0,0,0,5,0,5,5
5,5,0,0,0,0,0,0,0,0,0,0,0,0,0,0,0,0,0,0,0,0,0,5,5,5,0,0,0,5,5,5,0,0,0,0,0,0,0,0,0,0,5,5,5,0,0,0,5,5,5,0,0,0,0,0,5,0,0,0,0,5,5,5,5,0,0,0,0,0,0,5,0,0,0,0,0,5,5,0,0,0,0,0,0,0,0,0,0,0,0,0,5,0,5,5
5,5,0,0,0,0,0,0,0,0,0,0,0,0,0,0,0,0,0,0,0,0,0,5,5,0,0,0,0,0,5,5,0,0,0,0,0,0,0,0,0,0,5,5,5,5,0,0,5,5,5,0,0,0,0,0,0,0,0,0,0,5,5,5,5,0,0,0,0,0,0,5,0,0,0,0,0,5,5,0,0,0,0,0,0,0,0,0,0,0,0,0,0,0,5,5
5,5,0,0,0,0,0,0,0,0,0,0,0,0,0,0,0,0,0,0,0,0,0,5,0,0,0,0,0,0,0,5,0,0,0,0,0,0,0,0,0,0,0,5,5,0,0,0,5,5,5,5,0,0,0,0,0,0,0,0,0,5,5,5,0,0,0,0,0,0,0,5,0,0,0,0,0,5,5,0,0,0,0,0,0,0,0,0,0,0,0,0,0,0,5,5
5,5,5,0,0,0,0,0,0,0,0,0,0,0,0,0,0,0,0,0,0,0,0,0,0,0,0,0,0,0,0,0,0,0,0,0,0,0,0,0,0,0,0,0,5,0,0,0,0,5,5,5,5,5,0,0,0,0,0,0,0,5,5,5,0,0,0,0,0,0,0,0,0,0,0,0,0,5,0,0,0,0,0,0,0,0,0,0,0,0,0,0,0,0,5,5
5,5,5,0,0,0,0,0,0,0,0,0,0,0,0,0,0,0,0,0,0,0,0,0,0,0,0,0,0,0,0,0,0,0,0,0,0,0,0,0,0,0,0,0,0,0,0,0,0,0,0,5,5,5,5,0,0,0,0,0,5,5,5,0,0,0,0,0,0,0,0,0,0,0,0,0,0,5,0,0,0,0,0,0,0,0,0,0,0,0,0,0,0,0,5,5
5,5,5,0,0,0,0,0,0,0,0,0,0,0,0,0,0,0,0,0,0,0,0,0,0,0,0,0,0,0,0,0,0,0,0,0,0,0,0,0,0,0,0,0,0,0,0,0,0,0,0,0,0,0,0,0,0,0,0,0,0,0,0,0,0,0,0,0,0,0,0,0,0,0,0,0,0,0,0,0,0,0,0,0,0,0,0,0,0,0,0,0,0,0,5,5
5,5,5,0,0,0,0,0,0,0,0,0,0,0,0,0,0,0,0,0,0,0,0,0,0,0,0,0,0,0,0,0,0,0,0,0,0,0,0,0,0,0,0,0,0,0,0,0,0,0,0,0,0,0,0,0,0,0,0,0,0,0,0,0,0,0,0,0,0,0,0,0,0,0,0,0,0,0,0,0,0,0,0,0,0,0,0,0,0,0,0,0,0,0,0,5
5,5,5,0,0,0,0,0,0,0,0,0,0,0,0,0,0,0,0,0,0,0,0,0,0,0,0,0,0,0,0,0,0,0,0,0,0,0,0,0,0,0,0,0,0,0,0,0,0,0,0,0,0,0,0,0,0,0,0,0,0,0,0,0,0,0,0,0,0,0,0,0,0,0,0,0,0,0,0,0,0,0,0,0,0,0,0,0,0,0,0,0,0,0,0,5
5,5,5,0,0,0,0,0,0,0,0,0,0,0,0,0,0,0,0,0,0,0,0,0,0,0,0,0,0,0,0,0,0,0,0,0,0,0,0,0,0,0,0,0,0,0,0,0,0,0,0,0,0,0,0,0,0,0,0,0,0,0,0,0,0,0,0,0,0,0,0,0,0,0,0,0,0,0,0,0,0,0,0,0,0,0,0,0,0,0,0,0,0,5,5,5
5,5,5,0,0,0,0,0,0,0,0,0,0,0,0,0,0,0,0,0,0,0,0,0,0,0,0,0,0,0,0,0,0,0,0,0,0,0,0,0,0,0,0,0,0,0,0,0,0,0,0,0,0,0,0,0,0,0,0,0,0,0,0,0,0,0,0,0,0,0,0,0,0,0,0,0,0,0,0,0,0,0,0,0,0,0,0,0,0,0,0,5,5,5,5,5
5,5,0,0,0,0,0,0,0,0,0,0,0,0,0,0,0,0,0,0,0,0,0,0,0,0,0,0,0,0,0,0,0,0,0,0,0,0,0,0,0,0,0,0,0,0,0,0,0,0,0,0,0,0,0,0,0,0,0,0,0,0,0,0,0,0,0,0,0,0,0,0,0,0,0,0,0,0,0,0,0,0,0,0,0,0,0,0,0,0,5,5,5,5,5,5
5,5,0,0,0,0,0,0,0,0,0,0,0,0,0,0,0,0,0,0,0,0,0,0,0,0,0,0,0,0,0,0,0,0,0,0,0,0,0,0,0,0,0,0,0,0,0,0,0,0,0,0,0,0,0,0,0,0,0,0,0,0,0,0,0,0,0,0,0,0,0,0,0,0,0,0,0,0,0,0,0,0,0,0,0,0,0,0,0,5,5,5,5,5,5,5
5,5,5,0,0,0,0,0,0,0,0,0,0,0,0,0,0,0,0,0,0,0,0,0,0,0,0,0,0,0,0,0,0,0,0,0,0,0,0,0,0,0,0,0,0,0,0,0,0,0,0,0,0,0,0,0,0,0,0,0,0,0,0,0,0,0,0,0,0,0,0,0,0,0,0,0,0,0,0,0,0,0,0,0,0,0,0,0,5,5,5,5,5,5,5,5
5,5,5,0,0,0,0,0,0,0,0,0,0,0,0,0,0,0,0,0,0,0,0,0,0,0,0,0,0,0,0,0,0,0,0,0,0,0,0,0,0,0,0,0,0,0,0,0,0,0,0,0,0,0,0,0,0,0,0,0,0,0,0,0,0,0,0,0,0,0,0,0,0,0,0,0,0,0,0,0,0,0,0,0,0,0,0,0,5,5,5,5,5,5,5,5
5,5,5,0,0,0,0,0,0,0,0,0,0,0,0,0,0,0,0,0,0,0,0,0,0,0,0,0,0,0,0,0,0,0,0,0,0,0,0,0,0,0,0,0,0,0,0,0,0,0,0,0,0,0,0,0,0,0,0,0,0,0,0,0,0,0,0,0,0,0,0,0,0,0,0,0,0,0,0,0,0,0,0,0,0,0,5,5,5,5,5,5,5,5,5,5
5,0,0,0,0,0,0,0,0,0,0,0,0,0,0,0,0,0,0,0,0,0,0,0,0,0,0,0,0,0,0,0,0,0,0,0,0,0,0,0,0,0,0,0,0,0,0,0,0,0,0,0,0,0,0,0,0,0,0,0,0,0,0,0,0,0,0,0,0,0,0,0,0,0,0,0,0,0,0,0,0,0,5,0,0,5,5,5,5,5,5,5,5,5,103,5
5,104,104,104,104,104,104,104,104,104,104,104,104,104,104,104,104,104,104,104,104,104,104,104,104,104,104,104,104,104,104,104,104,104,104,104,104,104,104,104,104,104,104,104,104,104,104,104,104,104,104,104,104,104,104,104,104,104,104,104,104,104,104,104,104,104,104,104,104,104,104,104,104,104,104,104,104,104,104,104,104,104,104,104,104,5,5,5,5,5,5,5,103,103,0,5
5,103,103,103,103,103,103,103,103,103,103,103,103,103,103,103,103,103,103,103,103,103,103,103,103,103,103,103,103,103,103,103,103,103,103,103,103,103,103,103,103,103,103,103,103,103,103,103,103,103,103,103,103,103,103,103,103,103,103,103,103,103,103,103,103,103,103,103,103,103,103,103,103,103,103,103,103,103,103,103,103,103,103,103,103,103,5,103,5,103,103,103,0,0,5,5
5,5,0,5,5,5,5,0,0,0,0,0,0,0,0,0,0,0,0,0,0,0,0,0,0,0,0,0,0,0,0,0,0,0,0,0,0,0,0,0,0,0,0,0,0,0,0,0,0,0,0,0,0,0,0,0,0,0,0,0,0,0,0,0,0,0,0,0,0,0,0,0,0,0,0,0,0,0,0,0,0,0,0,0,0,0,103,0,103,0,0,0,0,5,5,5
5,5,5,5,5,5,5,5,5,5,5,5,5,5,5,0,0,0,0,0,0,0,0,0,0,0,0,0,0,0,0,0,0,0,0,0,0,0,0,0,0,0,0,0,0,0,0,0,0,0,0,0,0,0,0,0,0,0,0,0,0,0,0,0,0,0,0,0,0,0,0,0,0,0,0,0,0,0,5,0,0,5,0,0,0,0,0,0,0,0,0,5,5,5,5,5
5,5,5,5,5,5,5,5,5,5,5,5,5,5,5,5,0,0,0,